7  19  31
8  22  37
9  18  34
10  25  29
11  21  33
12  26  38
13  20  32
14  27  40
15  23  35
16  28  41
17  24  36
18  29  43
5  16  28
6  14  30
7  17  25
8  20  32
9  15  27
10  21  34
11  18  29
12  23  36
13  19  31
14  24  38
15  22  33
16  26  40
6  18  27
7  21  35
8  17  30
9  24  38
10  20  33
11  25  39
12  22  34
13  27  42
14  23  36
15  28  44
16  24  37
17  29  45
4  15  26
5  13  29
6  16  24
7  19  31
8  14  28
9  20  33
10  17  30
11  22  35
12  18  32
13  23  37
14  21  34
15  25  39
8  20  29
9  23  36
10  19  32
11  25  40
12  21  35
13  26  42
14  22  37
15  27  43
16  24  38
17  28  44
18  25  39
19  30  46
5  17  28
6  14  31
7  18  26
8  21  33
9  16  30
10  22  35
11  19  32
12  24  37
13  20  34
14  25  39
15  23  36
16  27  41
7  20  31
8  16  27
9  22  34
10  18  30
11  24  37
12  20  33
13  26  40
14  22  35
15  27  42
16  23  38
17  28  43
18  25  39
6  19  30
7  15  26
8  21  33
9  17  29
10  23  36
11  19  32
12  25  38
13  21  34
14  26  40
15  22  35
16  27  41
17  24  37
9  21  32
10  18  28
11  23  35
12  19  31
13  25  38
14  21  33
15  26  39
16  22  34
17  27  40
18  24  36
19  28  42
20  25  37
4  16  27
5  12  25
6  17  29
7  14  26
8  19  32
9  15  28
10  20  34
11  17  30
12  22  35
13  18  31
14  23  37
15  20  33