3  14  25
4  16  28
5  18  30
6  20  32
7  22  34
8  24  36
9  26  38
10  28  40
11  30  42
12  32  44
13  34  46
14  36  48
2  15  27
3  17  29
4  19  31
5  21  33
6  23  35
7  25  37
8  27  39
9  29  41
10  31  43
11  33  45
12  35  47
13  37  49
1  13  26
2  15  28
3  17  30
4  19  32
5  21  34
6  23  36
7  25  38
8  27  40
9  29  42
10  31  44
11  33  46
12  35  48
4  12  24
5  14  26
6  16  28
7  18  30
8  20  32
9  22  34
10  24  36
11  26  38
12  28  40
13  30  42
14  32  44
15  34  46
3  11  23
4  13  25
5  15  27
6  17  29
7  19  31
8  21  33
9  23  35
10  25  37
11  27  39
12  29  41
13  31  43
14  33  45
5  16  27
6  18  29
7  20  31
8  22  33
9  24  35
10  26  37
11  28  39
12  30  41
13  32  43
14  34  45
15  36  47
16  38  49
2  12  25
3  14  27
4  16  29
5  18  31
6  20  33
7  22  35
8  24  37
9  26  39
10  28  41
11  30  43
12  32  45
13  34  47
6  15  26
7  17  28
8  19  30
9  21  32
10  23  34
11  25  36
12  27  38
13  29  40
14  31  42
15  33  44
16  35  46
17  37  48
1  11  24
2  13  26
3  15  28
4  17  30
5  19  32
6  21  34
7  23  36
8  25  38
9  27  40
10  29  42
11  31  44
12  33  46
5  13  25
6  15  27
7  17  29
8  19  31
9  21  33
10  23  35
11  25  37
12  27  39
13  29  41
14  31  43
15  33  45
16  35  47